ModelParameters: 288880
BestL2TrainingError: 0.12724214673042297
BestL2TestingError: 0.1373062002658844
BestEpoch: 499
TotalTrainingTime: 391.2637594520329
